code          type       d |      SPBDD |           BZDistMW | connectedClusterMW |          pySATDist |          QDistEvol
-------------------------------------------------------------------------------------------------------------------------------
[[3,1,1]]     CSS        1 |     0.018 |                 -- |                 -- |                 -- |                 --
[[4,1,2]]     CSS        2 |     0.014 |                 -- |                 -- |                 -- |                 --
[[5,1,3]]     non-CSS    3 |     0.009 |              0.004 |              0.000 |              0.027 |              0.522
[[6,1,3]]     non-CSS    3 |     0.009 |              0.001 |              0.000 |              0.027 |              0.550
[[7,1,3]]     CSS        3 |     0.009 |              0.001 |              0.000 |              0.027 |              0.539
[[8,1,3]]     non-CSS    3 |     0.008 |              0.002 |              0.001 |              0.035 |              0.579
[[9,1,3]]     non-CSS    3 |     0.009 |              0.001 |              0.000 |              0.028 |              0.573
[[10,1,4]]    non-CSS    4 |     0.009 |              0.002 |              0.002 |              0.027 |              0.590
[[11,1,5]]    non-CSS    5 |     0.010 |              0.002 |              0.016 |              0.045 |              0.829
[[12,6,3]]    non-CSS    3 |     0.009 |              0.002 |              0.001 |              0.031 |              0.799
[[13,6,3]]    non-CSS    3 |     0.012 |              0.002 |              0.001 |              0.029 |              0.773
[[14,2,5]]    non-CSS    5 |     0.030 |              0.004 |              0.055 |              0.051 |              0.822
[[15,2,5]]    non-CSS    5 |     0.032 |              0.005 |              0.074 |              0.086 |              0.839
[[16,1,6]]    non-CSS    6 |     0.214 |              0.006 |              1.650 |              0.154 |              0.711
[[17,3,5]]    non-CSS    5 |     0.062 |              0.009 |              0.066 |              0.074 |              0.753
[[18,5,5]]    non-CSS    5 |     0.406 |              0.016 |              0.202 |              0.104 |              0.822
[[19,5,5]]    non-CSS    5 |     0.418 |              0.021 |              0.207 |              0.119 |              0.873
[[20,3,6]]    non-CSS    6 |    35.259 |              0.044 |              3.691 |              0.472 |              0.888
[[21,3,6]]    non-CSS    6 |    45.908 |              0.062 |              3.976 |              0.458 |              0.996
[[22,7,5]]    non-CSS    5 |     7.752 |              0.046 |              0.521 |              0.208 |              0.834
[[23,2,7]]               0 |         -- |              0.233 |            timeout |              2.468 |              0.816
[[24,8,5]]               0 |         -- |              0.073 |              0.603 |              0.203 |              0.830
[[25,8,5]]               0 |         -- |              0.091 |              0.610 |              0.297 |              0.830
[[26,6,6]]               0 |         -- |              0.356 |             19.288 |              1.093 |              0.997
